2L	67508	67568	1	1	1	1	0	10
2L	108810	110405	1	1	1	1	0	2
2L	110878	111004	1	1	1	1	0	25
2L	295281	295345	1	1	1	1	0	17
2L	339442	340709	1	1	1	2	0	28
2L	420147	420291	1	1	1	13	0	33
2L	779292	779339	2	2	0	1	0	26
2L	853006	853191	1	1	1	1	0	37
2L	1034191	1042963	2	2	1	1	0	14
2L	1135082	1138620	1	1	1	1	0	32
2L	1166923	1166982	1	1	1	2	0	30
2L	1178468	1178840	1	1	1	1	0	32
2L	1595828	1595891	2	2	1	1	0	31
2L	1709964	1710042	2	2	1	2	0	7
2L	1710104	1710207	2	2	1	2	0	9
2L	1746030	1747691	1	1	1	1	0	31
2L	1928576	1932055	1	1	1	1	0	14
2L	1934050	1934118	1	1	1	1	0	36
2L	1936992	1937053	1	1	1	1	0	15
2L	1974481	1974563	1	1	1	1	0	28
2L	1981584	1981641	1	1	1	1	0	13
2L	1985402	1985470	2	2	1	4	0	31
2L	2010314	2026767	1	1	1	1	0	35
2L	2028051	2028112	1	1	1	1	0	32
2L	2134968	2135037	1	1	1	1	0	24
2L	2140313	2140379	2	2	1	1	0	15
2L	2360802	2360971	2	2	1	1	0	15
2L	2580582	2580643	1	1	1	1	0	11
2L	2739025	2739088	1	1	1	2	0	24
2L	2856569	2856630	1	1	1	14	3	11
2L	2866742	2866813	1	1	1	2	0	24
2L	2890917	2924913	1	1	1	1	0	25
2L	2890917	2946708	1	1	1	1	0	16
2L	2988679	2988739	1	1	1	1	0	18
2L	3027283	3027338	2	2	1	1	0	33
2L	3044161	3045653	1	1	1	1	0	37
2L	3045884	3046949	1	3	1	8	0	36
2L	3060143	3060229	1	1	1	1	0	26
2L	3067116	3067183	1	1	1	1	0	15
2L	3296995	3297052	2	2	1	1	0	23
2L	3318910	3318969	2	2	1	1	0	15
2L	3364941	3365426	2	2	1	1	0	14
2L	3451454	3451516	1	1	1	1	0	9
2L	3499423	3499510	2	2	1	1	0	18
2L	3713737	3714091	1	1	1	1	0	14
2L	4191775	4228413	2	2	0	1	0	18
2L	4325130	4328937	1	1	1	1	0	15
2L	4343696	4343756	1	1	1	1	0	7
2L	4388859	4390164	1	1	1	1	0	16
2L	4390706	4390797	1	1	1	1	0	31
2L	4392378	4392446	1	1	1	1	0	33
2L	4457290	4457374	2	2	1	1	0	21
2L	4458058	4458288	2	2	1	1	0	6
2L	4469966	4470993	2	2	1	1	0	19
2L	4801862	5051636	2	2	0	4	0	14
2L	4912779	4915046	2	2	1	0	1	14
2L	5029637	5030136	1	1	1	1	0	10
2L	5036209	5036476	1	1	1	2	0	23
2L	5051571	5051636	2	2	1	1	0	20
2L	5058677	5058785	2	2	1	1	0	14
2L	5071158	5071226	1	1	1	1	0	4
2L	5071356	5071608	1	1	1	1	0	16
2L	5122938	5123015	1	3	1	1	0	15
2L	5541337	5541432	2	2	1	1	0	17
2L	5547913	5547972	1	1	1	1	0	26
2L	5548101	5548167	1	1	1	1	0	17
2L	5736276	5736338	2	2	1	3	0	30
2L	5944154	5944267	1	1	1	1	0	35
2L	5976783	5979411	2	2	1	1	0	5
2L	5984943	5985025	1	1	1	1	0	8
2L	5985221	5985338	1	1	1	1	0	25
2L	6070393	6070448	2	4	1	1	0	18
2L	6330887	6331043	1	1	1	1	0	14
2L	6339126	6342157	1	1	1	1	1	15
2L	6341887	6342157	1	1	1	1	0	29
2L	6342350	6342726	1	1	1	6	0	34
2L	6343070	6344158	1	1	1	1	0	29
2L	6426912	6445118	0	0	1	1	0	30
2L	6495105	6496056	1	1	1	1	0	12
2L	6674229	6674300	1	1	1	1	0	16
2L	6680284	6680345	2	2	1	1	0	20
2L	6681219	6681278	2	4	1	1	0	25
2L	6712676	6712739	2	2	1	1	0	15
2L	6713466	6713574	2	2	1	5	0	35
2L	6790743	6790798	2	2	1	1	0	23
2L	6803255	6803309	1	1	1	4	0	30
2L	6803889	6803945	1	1	1	3	0	33
2L	6922827	6923783	1	1	1	2	1	12
2L	6936698	6937223	2	2	1	1	0	4
2L	7016375	7016436	2	2	1	2	0	37
2L	7017487	7017544	2	2	1	2	0	19
2L	7036036	7036184	1	1	1	1	0	32
2L	7036723	7036811	1	1	1	1	0	28
2L	7070947	7074253	2	2	1	1	0	14
2L	7404164	7404229	1	1	1	1	0	12
2L	7431541	7432936	2	2	1	1	0	13
2L	7437789	7443583	1	1	1	2	0	17
2L	7649084	7649303	2	2	1	1	0	28
2L	7708641	7708709	1	1	1	1	0	14
2L	7720446	7720539	2	2	1	2	0	21
2L	7794527	7794591	2	2	1	1	0	7
2L	7826982	7827060	2	2	1	2	0	20
2L	7999168	7999248	1	1	1	1	0	26
2L	8000237	8000303	2	2	1	1	0	36
2L	8042126	8042439	2	2	1	2	0	17
2L	8120158	8120244	2	2	1	1	0	13
2L	8131913	8131972	1	1	1	2	0	16
2L	8135618	8135673	2	2	1	1	0	13
2L	8196390	8196583	2	2	1	2	0	28
2L	8210474	8210549	2	2	1	0	1	36
2L	8320532	8320601	1	1	1	1	0	11
2L	8329765	8332307	1	1	1	2	0	24
2L	8364316	8364540	2	2	1	3	0	28
2L	8370642	8372457	1	1	1	1	0	6
2L	8370646	8372457	1	1	0	2	0	21
2L	8372626	8372686	1	1	1	2	0	19
2L	8405780	8405915	1	1	1	1	0	18
2L	8429463	8430280	1	1	1	1	0	25
2L	8449098	8449158	2	2	1	1	0	8
2L	8510179	8510526	2	2	1	1	0	14
2L	8688549	8688620	2	2	1	1	0	10
2L	8940656	8940997	2	2	1	1	0	18
2L	8986784	8986935	2	2	1	1	0	7
2L	9242930	9242992	1	1	1	1	0	38
2L	9338522	9338587	1	1	1	2	0	37
2L	9533752	9534886	1	1	1	1	0	23
2L	9615449	9615531	1	1	1	5	0	26
2L	9643178	9643248	1	1	1	1	0	10
2L	9710721	9710781	2	2	1	1	0	13
2L	9711016	9711119	2	2	1	2	0	31
2L	9789307	9789366	2	2	1	1	0	21
2L	9888547	9888666	1	1	1	1	0	10
2L	9903942	9904003	2	2	1	2	0	26
2L	9906444	9907050	2	2	1	2	0	20
2L	9915792	9916051	1	1	1	1	0	13
2L	9916981	9917039	1	1	1	1	0	21
2L	9968248	9968316	1	1	1	1	0	13
2L	10201529	10201598	1	1	1	1	0	7
2L	10222144	10222201	1	1	1	1	0	6
2L	10245591	10245654	2	2	1	1	0	15
2L	10264886	10264946	1	1	1	1	0	10
2L	10282280	10282344	2	2	1	1	0	14
2L	10287935	10287990	2	2	1	1	0	37
2L	10319424	10319487	2	2	1	1	0	24
2L	10337073	10337140	1	1	1	1	0	13
2L	10375092	10375147	2	2	1	1	0	22
2L	10408387	10409710	1	1	1	1	0	5
2L	10410052	10410240	1	1	1	1	0	6
2L	10411037	10411090	2	2	1	1	0	3
2L	10412568	10412623	2	2	1	1	0	22
2L	10459518	10459879	1	1	1	1	0	14
2L	10472486	10474147	2	4	1	1	0	25
2L	10769615	10769674	2	2	1	1	0	13
2L	10848469	10848543	2	2	1	1	0	17
2L	10848864	10850753	2	2	1	1	0	6
2L	10860911	10860976	1	1	1	2	0	26
2L	10970881	10970956	1	1	1	1	0	17
2L	10991886	10991969	1	1	1	1	0	15
2L	11236799	11236929	1	1	1	1	0	20
2L	11280516	11280616	1	1	1	2	0	33
2L	11524500	11524567	2	2	1	1	0	30
2L	11525668	11528120	2	2	1	2	0	12
2L	11798042	11798664	2	2	1	1	0	31
2L	11982851	11982909	1	1	0	1	0	16
2L	11984663	11984724	2	2	1	1	0	17
2L	11988330	11988383	1	1	1	1	0	15
2L	12056433	12056498	1	1	1	1	0	13
2L	12063871	12063928	2	2	1	1	0	33
2L	12099367	12099426	1	1	1	1	0	16
2L	12721563	12721652	2	2	1	2	0	37
2L	13173942	13174438	2	2	1	2	0	16
2L	13192640	13192712	1	1	1	1	0	34
2L	13208361	13208420	1	1	1	2	0	21
2L	13208488	13208664	1	1	1	1	0	14
2L	13208778	13209471	1	1	1	1	0	26
2L	13209600	13209659	1	1	1	1	0	36
2L	13273049	13273618	1	1	1	2	0	15
2L	13274377	13274642	1	1	1	2	0	28
2L	13274851	13275587	1	1	1	2	0	15
2L	13394800	13394864	2	2	1	4	0	34
2L	13609988	13610055	1	1	1	1	0	13
2L	13782946	13782996	2	2	1	1	0	18
2L	13788037	13788096	1	1	1	1	0	7
2L	14324839	14324896	1	1	1	1	0	16
2L	14357455	14357519	1	1	1	1	0	14
2L	14615644	14616302	1	1	1	1	0	11
2L	14616438	14616502	1	1	1	1	0	20
2L	14616908	14616977	1	1	1	2	0	29
2L	15261638	15261717	2	2	1	1	0	17
2L	15269205	15270904	2	2	1	1	0	16
2L	15274850	15274921	2	2	1	1	0	11
2L	16247187	16247252	2	2	1	1	0	8
2L	16249707	16250080	2	2	1	2	0	18
2L	16250159	16257075	2	2	1	1	0	29
2L	16314859	16322959	2	2	1	1	0	8
2L	16451308	16451375	1	1	1	1	0	6
2L	16724994	16727009	2	2	1	1	0	17
2L	16769291	16770456	1	1	1	0	1	4
2L	16769603	16770456	1	1	1	1	1	15
2L	16771142	16771342	1	1	1	1	0	11
2L	16771142	16773276	1	1	1	3	0	30
2L	16771447	16774449	1	1	1	1	0	20
2L	16775382	16776849	1	1	1	1	0	27
2L	16775854	16776849	1	1	1	3	0	35
2L	16777440	16779092	1	1	1	7	0	33
2L	16777749	16780549	1	3	1	1	0	36
2L	16778123	16780549	1	3	1	1	0	24
2L	16778508	16780549	1	3	1	6	0	23
2L	16779211	16780549	1	3	1	10	7	35
2L	16779846	16780549	1	1	1	2	7	36
2L	16782554	16782774	1	1	1	5	0	32
2L	16784330	16784665	1	1	1	10	0	38
2L	16786815	16787516	1	1	1	2	0	17
2L	16786815	16788020	1	1	1	3	0	33
2L	16790459	16790538	2	2	0	1	0	28
2L	16792753	16792809	1	1	1	2	0	36
2L	17372643	17372707	2	2	1	1	0	27
2L	17384840	17385225	1	1	0	1	0	16
2L	17402486	17404060	1	1	1	1	0	29
2L	17410178	17410251	2	2	1	1	0	14
2L	18443071	18443152	2	2	1	2	0	24
2L	18535529	18535585	2	2	1	1	0	25
2L	18917517	18919924	2	2	1	1	0	10
2L	19009138	19009204	2	2	1	1	1	13
2L	19047826	19047913	1	1	1	1	0	4
2L	19384037	19384084	2	2	0	3	0	38
2L	19385364	19385669	2	2	1	4	0	29
2L	19385706	19385779	2	2	1	8	0	15
2L	19385793	19386086	2	2	1	6	0	13
2L	19387770	19387861	2	2	1	1	0	20
2L	19387937	19388039	2	2	1	1	0	14
2L	19401373	19403998	2	2	1	1	0	11
2L	19404683	19409403	2	2	1	1	0	14
2L	19441277	19442171	2	2	0	1	0	24
2L	19443852	19443911	2	2	1	1	0	30
2L	19553294	19553361	1	1	1	1	0	20
2L	19959080	19959266	1	3	0	1	0	18
2L	19964282	19964338	1	1	1	2	0	27
2L	19964366	19964425	1	1	1	2	0	27
2L	19965011	19965062	1	1	1	2	0	6
2L	20334731	20336286	1	1	1	1	0	14
2L	20648249	20648419	1	1	1	1	0	3
2L	20664210	20674994	2	2	1	1	0	23
2L	20826088	20826632	1	1	1	1	0	20
2L	21120181	21120275	1	1	1	1	0	12
2L	21122390	21122912	1	1	1	1	0	15
2L	21125440	21127849	1	1	1	1	0	15
2L	21382331	21384454	1	1	1	1	0	11
2L	21679403	21679483	2	2	1	1	0	15
2L	21681285	21681343	2	2	1	2	0	35
2L	21743072	21743838	2	2	1	1	0	17
2L	21759079	21759230	1	1	1	1	0	25
2L	22247722	22247795	2	2	1	1	0	11
2R	1590884	1590939	1	1	1	1	0	22
2R	3919359	3933010	2	2	1	1	0	17
2R	4673224	4673276	1	1	1	1	0	22
2R	5503649	5506237	2	2	1	1	0	11
2R	5506259	5506312	2	2	1	2	0	21
2R	5688039	5691651	2	2	1	1	0	15
2R	5986667	6009062	1	1	1	2	0	6
2R	6018209	6018263	1	1	1	1	0	10
2R	6081416	6081735	2	2	1	1	0	19
2R	6267821	6267884	1	1	0	1	0	17
2R	6729074	6731439	2	2	1	1	0	5
2R	6733258	6733627	2	2	1	1	0	29
2R	6738356	6740038	2	2	1	1	0	35
2R	6754845	6754898	1	1	1	1	0	28
2R	6755118	6755184	1	1	1	1	0	16
2R	6813117	6813172	1	1	1	1	0	14
2R	6877123	6877220	2	2	1	1	0	21
2R	6928837	6929072	2	2	1	1	0	6
2R	7017376	7017434	1	1	1	1	0	16
2R	7017627	7017689	1	1	1	1	0	7
2R	7455232	7455301	2	2	1	1	0	22
2R	7508821	7508874	2	2	1	1	0	18
2R	7576816	7576876	1	1	1	1	0	15
2R	7597061	7597264	2	2	1	1	0	26
2R	7679931	7680291	2	2	1	1	0	28
2R	7786269	7786499	1	1	1	1	0	17
2R	7787533	7787590	1	3	1	2	0	27
2R	7977325	7977388	2	2	1	1	0	32
2R	7981123	7981183	2	2	1	1	0	17
2R	8011093	8011171	2	4	1	1	0	29
2R	8612060	8613033	2	2	1	2	0	18
2R	8672279	8674646	1	1	0	1	0	29
2R	8676608	8678429	1	1	1	1	0	24
2R	8678029	8678429	1	1	1	1	0	30
2R	8678869	8678927	1	1	1	1	0	20
2R	8681049	8681109	1	1	1	1	0	22
2R	8719785	8719842	2	2	1	1	0	16
2R	8826275	8828927	1	1	1	1	0	22
2R	8894142	8894203	1	1	1	1	0	35
2R	8898323	8898388	1	1	1	1	0	17
2R	8911955	8912016	2	2	1	1	0	17
2R	8947050	8947128	2	2	1	1	0	27
2R	9132768	9133598	1	1	1	1	0	15
2R	9143001	9143058	2	2	1	1	0	34
2R	9149179	9149686	1	3	1	1	0	35
2R	9187118	9188102	2	2	0	0	1	24
2R	9187135	9188119	2	2	1	0	1	34
2R	9252311	9252361	1	1	1	1	0	15
2R	9424267	9424328	1	1	1	2	0	10
2R	9435525	9435585	2	2	1	1	0	9
2R	9587229	9587446	1	1	1	1	0	16
2R	9594160	9603868	1	1	1	1	0	4
2R	9889992	9890051	1	3	0	1	0	25
2R	9960303	9960525	1	1	1	2	0	28
2R	9962661	9963188	2	6	0	1	0	17
2R	9969236	9969460	1	1	1	1	0	22
2R	9992918	9992983	1	1	1	11	0	29
2R	10037772	10038179	2	2	1	2	0	21
2R	10099394	10099458	2	2	1	1	0	17
2R	10105826	10105940	1	1	1	1	0	33
2R	10128693	10128822	1	1	1	1	0	20
2R	10251985	10252281	2	2	1	1	0	5
2R	10294766	10294845	1	1	1	1	0	11
2R	10294967	10295290	1	1	1	1	0	18
2R	10419605	10425331	1	1	0	0	2	35
2R	10470750	10471229	2	2	0	1	0	14
2R	10472216	10472474	2	2	1	1	0	5
2R	10515659	10515834	2	2	1	1	0	8
2R	10612455	10612736	1	1	1	1	0	15
2R	10820220	10820281	1	1	1	7	0	12
2R	10991125	11099531	2	2	1	1	0	33
2R	11293027	11293052	1	1	0	1	0	32
2R	11387316	11387371	2	2	1	1	0	15
2R	11690587	11690677	2	2	1	1	0	4
2R	11826951	11827009	1	1	0	1	0	18
2R	11888511	11888574	2	2	1	1	0	11
2R	11892185	11893554	1	1	1	2	0	15
2R	12167928	12167993	2	2	1	16	0	23
2R	12200040	12200115	2	2	1	4	0	35
2R	12200242	12200774	2	2	1	1	0	4
2R	12264918	12269192	1	1	1	1	0	30
2R	12269436	12273765	1	1	1	1	0	17
2R	12308877	12308940	1	1	1	1	0	3
2R	12341430	12341487	2	2	1	1	0	36
2R	12379037	12379088	1	1	1	3	0	34
2R	12517775	12517836	2	2	1	1	0	9
2R	12610722	12611008	1	1	1	3	0	33
2R	12617201	12617794	1	1	1	1	0	18
2R	12878711	12879196	2	2	1	1	0	26
2R	12879223	12879688	2	2	1	1	0	12
2R	12974595	12977316	2	2	1	1	0	14
2R	13212933	13213022	2	2	1	1	0	18
2R	13218200	13219087	2	2	1	1	0	20
2R	13246773	13246916	1	1	1	1	0	33
2R	13417829	13418986	2	2	1	1	0	14
2R	13583583	13590599	2	2	1	1	0	17
2R	13826586	13829639	1	1	1	1	0	10
2R	13853116	13853180	2	2	1	1	0	16
2R	13866633	13866701	2	2	1	1	0	15
2R	13869978	13870042	2	2	1	1	0	5
2R	13871339	13871665	2	2	1	1	0	19
2R	13872154	13872208	2	2	1	2	0	36
2R	13874460	13874858	2	2	1	2	0	7
2R	13894970	13895109	2	2	1	1	0	9
2R	13900450	13901436	2	2	1	1	0	14
2R	13960877	13962219	1	1	1	14	0	35
2R	14068912	14069216	2	2	1	1	0	18
2R	14164137	14164190	2	2	1	1	0	7
2R	14172523	14172583	1	1	1	1	0	24
2R	14176543	14176611	1	1	1	1	0	30
2R	14191427	14192122	2	2	0	0	3	36
2R	14239191	14239450	2	2	1	1	0	18
2R	14291273	14291433	1	3	1	1	0	29
2R	14291673	14291751	1	1	1	1	0	37
2R	14291916	14292045	1	1	1	1	0	20
2R	14910717	14911103	2	2	1	1	0	14
2R	14961842	14962694	2	2	1	1	0	16
2R	15140096	15141836	1	1	1	1	0	6
2R	15221981	15222496	1	1	1	1	0	17
2R	15232560	15233689	2	2	1	1	0	28
2R	15255871	15255932	1	1	1	0	1	8
2R	15270822	15271010	2	2	1	1	0	19
2R	15567714	15567828	2	2	1	1	0	12
2R	15567841	15568151	2	2	1	1	0	9
2R	15771148	15773815	2	2	1	1	0	33
2R	15773254	15773815	2	2	1	3	0	33
2R	15773967	15777177	2	2	1	1	0	10
2R	15777287	15778351	2	2	1	1	0	14
2R	15845613	15845683	2	2	1	1	0	13
2R	15858894	15859079	2	2	1	1	0	24
2R	15859940	15860006	2	2	1	1	0	10
2R	15860754	15862682	2	2	1	1	0	24
2R	16026547	16026610	2	2	1	1	0	17
2R	16026813	16026866	2	2	1	1	0	16
2R	16102950	16103610	1	1	1	1	0	7
2R	16105183	16105716	1	1	1	3	0	8
2R	16111927	16111982	1	1	1	1	0	20
2R	16115763	16115820	1	1	0	1	0	14
2R	16136126	16136186	1	1	1	1	0	22
2R	16136361	16136424	1	1	1	1	0	16
2R	16143972	16144026	1	1	1	1	0	3
2R	16262943	16263007	2	2	1	1	0	23
2R	16326431	16326492	2	2	1	1	0	15
2R	16530479	16530728	1	1	1	1	0	17
2R	16531066	16531231	1	1	1	1	0	18
2R	16568209	16568309	1	1	1	1	0	23
2R	16570849	16570916	2	2	1	1	0	26
2R	16575300	16576272	2	2	1	11	0	32
2R	16588817	16588896	2	2	1	2	0	23
2R	16716212	16730898	2	2	1	1	0	25
2R	16865037	16865091	2	2	1	1	0	22
2R	16868392	16868490	1	1	1	1	0	19
2R	16871376	16872559	2	2	0	0	2	33
2R	16871441	16871510	1	1	1	1	0	17
2R	16942616	16942673	1	1	1	1	0	6
2R	17013997	17014948	2	2	1	1	0	16
2R	17043900	17043959	1	1	1	1	0	31
2R	17092492	17092548	1	1	1	1	0	3
2R	17137414	17137490	1	1	1	2	0	37
2R	17448826	17449110	2	2	1	1	0	14
2R	17702126	17702314	1	1	1	1	0	5
2R	17702370	17702546	1	1	1	1	0	16
2R	17702599	17702778	1	1	1	1	0	25
2R	17762636	17762692	1	1	1	1	0	13
2R	17803392	17808098	1	1	1	1	0	13
2R	18168139	18168207	1	1	1	1	0	22
2R	18282179	18282244	2	2	1	1	0	22
2R	18289851	18355499	2	2	1	1	0	15
2R	18384081	18384149	1	1	1	0	1	22
2R	18384081	18386792	1	1	0	0	1	22
2R	18384233	18537088	1	1	0	1	2	12
2R	18386731	18386792	1	1	1	4	0	34
2R	18425035	18425339	1	1	1	1	0	15
2R	18522444	18522516	1	1	1	1	0	11
2R	18533397	18538794	1	1	0	1	0	12
2R	18622589	18622644	1	1	1	2	0	38
2R	18630939	18630995	2	2	1	1	0	38
2R	18631079	18631132	2	2	1	2	0	27
2R	18631631	18631749	2	2	1	1	0	16
2R	18642068	18642131	2	2	1	1	0	10
2R	18700612	18700669	1	1	1	1	0	16
2R	18701262	18701318	1	1	1	1	0	15
2R	18757523	18757622	2	2	1	2	0	24
2R	18757929	18758030	2	2	1	1	0	22
2R	18758881	18758943	2	2	1	3	0	26
2R	18759623	18760864	2	2	1	1	0	20
2R	18776839	18776893	2	2	1	2	0	21
2R	18808777	18808889	2	2	1	1	0	11
2R	18820839	18821040	1	5	1	1	0	15
2R	18836579	18836654	1	1	1	1	0	21
2R	18947587	18954977	1	1	1	1	0	24
2R	19172281	19172344	1	1	1	1	0	6
2R	19172525	19172711	1	1	1	2	0	30
2R	19172889	19173431	1	1	1	1	0	23
2R	19243180	19243254	1	1	1	1	0	17
2R	19282068	19282129	2	2	1	1	0	23
2R	19392579	19392638	2	2	1	1	0	26
2R	19473968	19477615	1	1	1	1	0	5
2R	19499791	19499900	1	1	1	1	0	19
2R	19666568	19666627	2	2	1	1	0	28
2R	20244681	20245198	2	2	1	1	0	3
2R	20260560	20260620	1	1	1	1	0	15
2R	20305029	20305085	2	2	1	1	0	31
2R	20324225	20324292	1	1	1	2	0	12
2R	20465792	20466808	1	1	1	1	0	15
2R	20503721	20503782	1	1	1	2	0	30
2R	20551723	20551781	2	2	1	1	0	17
2R	20672270	20672339	1	1	1	1	0	26
2R	20869123	20869181	2	2	1	14	0	15
2R	20944157	20944843	1	1	1	38	0	37
2R	21179597	21179937	1	1	1	1	0	23
2R	21293875	21294053	1	1	1	1	0	25
2R	21390576	21390637	1	1	1	4	0	28
2R	21486496	21486552	1	1	1	1	0	21
2R	21650793	21652436	1	1	1	2	0	33
2R	21669481	21669536	2	2	1	1	0	15
2R	22105575	22105645	1	1	1	1	0	16
2R	22111510	22111861	2	2	1	1	0	12
2R	22115249	22115324	1	1	1	1	0	14
2R	22295474	22295532	1	1	1	1	0	29
2R	22325728	22325782	1	1	1	1	0	15
2R	22426627	22426681	2	2	1	1	0	11
2R	22485894	22485956	1	1	1	1	0	8
2R	22606289	22606508	1	1	1	2	0	26
2R	22606641	22606933	1	1	1	1	0	26
2R	22698392	22698451	2	2	1	1	0	23
2R	22731013	22731665	2	2	1	0	1	30
2R	22854530	22854646	1	1	1	4	0	19
2R	22887249	22887309	1	1	1	1	0	25
2R	23386046	23386116	2	2	1	1	0	33
2R	23413134	23414496	2	2	1	1	0	14
2R	23678160	23678217	1	1	1	1	0	31
2R	23698361	23698422	1	1	1	1	0	26
2R	23714075	23714665	1	1	1	1	0	9
2R	23731530	23731652	1	1	1	1	0	17
2R	23731972	23732036	1	1	1	1	0	18
2R	23756552	23757414	2	2	1	1	0	6
2R	23844310	23844378	2	2	1	1	0	14
2R	23929432	23929499	2	2	1	4	0	14
2R	23940527	23941056	1	1	1	1	0	17
2R	23976603	23990638	2	4	0	1	0	13
2R	24006955	24007015	2	2	1	1	0	19
2R	24020510	24020565	2	2	1	2	0	24
2R	24044751	24044813	2	2	1	1	0	20
2R	24057903	24058483	1	1	1	1	0	14
2R	24059134	24059195	1	1	1	1	0	16
2R	24060575	24060675	1	1	1	3	0	35
2R	24060750	24060812	1	1	1	1	0	23
2R	24061993	24062197	2	2	1	1	0	14
2R	24071005	24072704	1	1	1	1	0	27
2R	24075070	24075198	1	1	1	1	0	28
2R	24075338	24075448	1	1	1	1	0	34
2R	24171097	24171169	1	1	1	1	0	21
2R	24263482	24263535	1	1	1	2	0	17
2R	24263745	24263802	1	1	1	1	0	12
2R	24514871	24515230	2	2	1	1	0	8
2R	24772796	24773211	2	2	1	1	0	16
2R	24889762	24889922	2	2	1	1	0	13
2R	24903789	24903880	2	2	1	5	0	25
2R	24940014	24940071	2	2	1	1	0	26
2R	24969225	24969468	2	2	1	1	0	18
2R	24989235	24989291	1	1	1	1	0	16
3L	161372	167475	1	1	1	1	0	8
3L	210739	210814	2	2	1	1	0	12
3L	252996	253313	2	2	1	1	0	15
3L	345312	345374	2	2	1	1	0	18
3L	351779	352299	1	1	1	1	0	15
3L	571972	572077	1	1	1	1	0	22
3L	984059	984136	1	1	1	2	0	20
3L	1189825	1189891	1	1	1	2	0	25
3L	1207525	1227905	2	2	0	2	7	34
3L	1210531	1213143	2	2	0	0	1	19
3L	1326317	1326372	1	1	1	1	0	11
3L	1499338	1501798	2	2	1	1	0	26
3L	1503929	1503986	2	2	1	1	0	16
3L	1523857	1523913	2	2	1	1	0	26
3L	1527614	1527673	2	2	1	1	0	15
3L	1533434	1533493	2	2	1	1	0	17
3L	1542737	1542812	1	1	1	1	0	28
3L	1552038	1554633	2	2	0	0	1	14
3L	1664022	1664531	2	2	1	1	0	17
3L	1667736	1667808	2	2	1	1	0	4
3L	1716944	1717002	2	2	1	1	0	17
3L	1718154	1718705	2	2	1	1	0	33
3L	1718154	1723579	2	2	1	1	0	22
3L	1753944	1754000	2	2	1	1	0	21
3L	1773370	1773422	2	2	1	1	0	16
3L	1865918	1867090	1	1	0	1	0	12
3L	1875916	1876109	2	2	1	1	0	16
3L	1894448	1894604	2	2	1	1	0	14
3L	2087185	2090999	2	2	1	1	0	15
3L	2122961	2123299	2	2	1	1	0	34
3L	2135751	2135862	2	2	1	1	0	38
3L	2477514	2477749	2	2	0	1	0	16
3L	2498037	2498098	1	1	1	1	0	14
3L	2557077	2557135	2	2	1	1	0	7
3L	2567815	2579454	2	2	1	1	0	28
3L	2587891	2588083	1	1	1	45	0	33
3L	2791946	2792005	2	2	1	1	0	13
3L	3043847	3043904	1	1	1	1	0	13
3L	3088120	3088191	1	1	1	1	0	24
3L	3168495	3168551	1	3	0	1	0	15
3L	3209797	3209859	1	1	1	1	0	31
3L	3221710	3221881	2	2	1	11	0	30
3L	3221982	3222926	2	2	1	1	0	8
3L	3309928	3310519	1	1	1	1	0	15
3L	3327554	3327859	1	1	1	1	0	28
3L	3366311	3366443	1	1	1	1	0	26
3L	3372851	3372969	2	2	1	2	0	13
3L	3376948	3376998	1	1	1	1	0	18
3L	3552865	3578288	1	1	1	1	0	32
3L	3593547	3594650	1	1	1	1	0	31
3L	3718991	3722155	2	2	1	1	0	33
3L	3904286	3904505	1	1	1	3	0	20
3L	3904622	3904683	1	1	1	2	0	38
3L	3908532	3909003	2	2	1	1	0	14
3L	3909040	3909220	2	2	1	1	0	23
3L	3942271	3942357	2	2	1	1	0	27
3L	4128974	4129650	2	2	1	1	0	16
3L	4129792	4131120	2	2	1	3	0	37
3L	4131237	4131749	2	2	1	1	0	25
3L	4419263	4419428	1	1	1	1	0	14
3L	4811491	4811551	2	2	1	1	0	34
3L	5161602	5162455	2	2	1	1	0	12
3L	5162632	5162966	2	2	1	1	0	6
3L	5345596	5345655	2	2	1	1	0	16
3L	5361026	5361492	1	1	1	1	0	6
3L	5754267	5756204	1	1	1	1	0	27
3L	5764597	5764658	2	2	1	1	0	16
3L	5766376	5766432	1	1	1	1	0	13
3L	5807261	5807947	2	2	1	1	0	23
3L	5807989	5810289	2	2	1	1	0	12
3L	5969027	5975644	2	2	0	1	0	14
3L	6260437	6260504	2	2	1	2	0	11
3L	6590836	6590893	1	1	1	1	0	18
3L	6692591	6703319	2	2	1	2	0	37
3L	6715835	6716129	2	2	1	1	0	15
3L	6754494	6754744	2	2	1	2	0	26
3L	6754494	6755419	2	2	1	2	0	33
3L	6754808	6755072	2	2	1	2	0	29
3L	6860711	6888547	2	2	0	1	0	19
3L	6951203	6951266	2	2	1	1	0	37
3L	7034539	7034634	1	1	1	1	0	14
3L	7038152	7041017	1	1	1	1	0	28
3L	7111468	7111626	1	1	1	1	0	25
3L	7111802	7115216	1	1	1	1	0	29
3L	7120751	7120818	1	1	1	0	1	19
3L	7120953	7121014	1	1	1	1	0	27
3L	7132061	7132648	1	1	0	1	0	14
3L	7132678	7133118	1	1	1	1	0	22
3L	7240778	7240854	2	2	1	1	0	12
3L	7240942	7241225	2	2	1	4	0	6
3L	7358616	7358690	2	4	1	1	0	18
3L	7383235	7383300	1	1	1	1	0	16
3L	7617603	7619787	1	1	1	1	0	12
3L	7637481	7637687	1	1	1	1	0	13
3L	7709351	7709518	2	2	1	1	0	24
3L	7762852	7762911	1	1	1	1	0	27
3L	7817663	7818068	2	2	1	1	0	16
3L	7818224	7819987	2	2	1	1	0	16
3L	7932933	7932997	2	2	1	1	0	29
3L	8072305	8072368	1	1	1	1	0	16
3L	8099537	8102892	1	1	1	1	0	32
3L	8105060	8105126	1	1	1	1	0	20
3L	8120751	8120814	1	1	1	1	0	18
3L	8197444	8197521	2	2	1	1	0	27
3L	8357489	8373334	1	1	0	1	0	12
3L	8357906	8360792	2	2	1	1	0	23
3L	8417860	8420840	2	2	1	1	0	32
3L	8435732	8435790	2	2	1	1	0	29
3L	8468484	8468564	1	1	0	0	1	16
3L	8535187	8535373	1	1	1	1	0	15
3L	8601038	8601313	1	1	1	2	0	7
3L	8603856	8603905	2	2	1	1	0	23
3L	8627731	8634582	1	1	1	1	0	21
3L	8630377	8630516	1	3	1	1	0	28
3L	8638196	8638266	1	1	1	1	0	33
3L	8785058	8785120	1	1	1	1	0	17
3L	8972628	8972684	2	2	1	1	0	24
3L	9091626	9091736	1	1	1	1	0	17
3L	9353229	9353512	2	2	1	1	0	6
3L	9353519	9353737	2	2	1	1	0	6
3L	9429115	9429173	2	2	1	5	0	36
3L	9429326	9429694	2	2	1	1	0	21
3L	9447063	9448387	1	1	1	1	0	14
3L	9510159	9510464	2	2	1	1	0	3
3L	9622365	9622422	1	1	1	1	0	31
3L	9642758	9642822	2	2	1	1	0	14
3L	9643342	9643427	2	2	1	1	0	13
3L	9660806	9662942	2	2	1	1	0	17
3L	9684459	9684521	2	2	1	4	0	36
3L	9684856	9684920	2	2	1	5	0	33
3L	9685046	9686364	2	2	1	1	0	19
3L	9728615	9728712	1	5	1	1	0	29
3L	9865399	9866313	1	1	1	2	0	37
3L	10221133	10221393	2	2	1	1	0	15
3L	10222102	10223867	2	4	1	1	0	10
3L	10575412	10576420	1	1	1	4	0	37
3L	10576476	10580308	1	1	1	1	0	6
3L	10641795	10659364	2	2	0	1	0	15
3L	10663569	10663649	1	3	1	5	0	37
3L	10663728	10663789	1	3	1	1	0	12
3L	10693868	10693996	2	2	1	4	0	35
3L	10872759	10872833	1	1	1	1	0	36
3L	11081956	11082015	2	2	1	1	0	11
3L	11110405	11110504	1	1	1	1	0	37
3L	11110801	11110861	1	1	1	1	0	9
3L	11112849	11113573	2	2	1	0	1	24
3L	11121407	11121562	1	1	1	1	0	16
3L	11515014	11517094	1	1	1	1	0	14
3L	11520213	11520293	2	2	1	1	0	15
3L	11520436	11520508	2	2	1	1	0	25
3L	11527343	11561893	2	2	1	1	0	11
3L	11690109	11690225	2	2	1	1	0	26
3L	11694746	11694809	2	2	1	1	0	17
3L	11775904	11775963	2	2	1	1	0	16
3L	11788246	11789540	2	2	1	1	0	15
3L	11817317	11818087	2	2	1	1	0	30
3L	11823356	11823657	1	1	1	1	0	26
3L	11998997	12000272	2	2	1	1	0	11
3L	12145251	12145955	2	2	1	1	0	31
3L	12213298	12213353	2	2	1	1	0	15
3L	12342364	12342427	2	2	1	1	0	20
3L	12348140	12351181	2	4	1	1	0	12
3L	12416480	12416539	2	2	1	1	0	25
3L	12540463	12541181	2	2	1	1	0	6
3L	12541188	12541287	2	2	1	1	0	6
3L	12788090	12788248	2	2	1	1	0	17
3L	12794001	12794061	1	1	1	1	0	16
3L	12852529	12852615	1	1	1	1	0	12
3L	13023867	13024369	1	1	1	3	0	28
3L	13042369	13042441	1	1	1	1	0	9
3L	13042540	13043165	1	1	1	1	0	17
3L	13043338	13043573	1	1	1	8	0	36
3L	13356853	13357007	1	1	1	2	0	20
3L	13412976	13413316	1	1	1	1	0	31
3L	13847641	13847697	1	1	1	2	0	8
3L	13854344	13854396	1	1	1	1	0	17
3L	13941476	13959528	1	1	1	1	0	15
3L	14042360	14042447	1	1	1	1	0	16
3L	14539070	14539552	1	1	1	1	0	18
3L	14542668	14542732	2	2	1	1	0	14
3L	14774692	14774757	2	2	1	1	0	34
3L	14779023	14785918	2	2	1	10	0	36
3L	14880517	14880593	1	1	1	1	0	23
3L	15000380	15000644	1	1	1	2	0	32
3L	15067613	15067677	2	2	1	1	0	16
3L	15070634	15072528	2	2	1	1	0	12
3L	15139525	15142299	2	2	1	1	0	10
3L	15144550	15144668	1	1	1	2	0	37
3L	15161373	15162499	2	2	1	1	0	12
3L	15614023	15631897	2	2	1	1	0	34
3L	15822809	15822962	2	4	1	1	0	33
3L	16073471	16075473	1	1	1	1	0	37
3L	16119818	16119913	1	1	1	2	0	13
3L	16271352	16271424	1	1	1	1	0	15
3L	16355368	16355633	2	2	1	1	0	14
3L	16369079	16369147	1	1	1	1	0	19
3L	16382740	16383330	2	2	1	2	0	30
3L	16405171	16405325	2	2	1	1	0	32
3L	16405429	16405501	2	2	1	1	0	32
3L	16405837	16407020	2	2	1	1	0	18
3L	16414494	16414802	1	1	1	1	0	16
3L	16564649	16564718	2	2	1	1	0	12
3L	16584723	16584778	1	1	1	1	0	25
3L	16610155	16610229	2	2	1	1	0	11
3L	16672545	16673056	2	2	1	2	0	35
3L	16714321	16715440	1	1	1	1	0	18
3L	16727861	16727928	2	2	1	1	0	7
3L	16790944	16790998	2	2	1	1	0	26
3L	16849577	16849634	1	1	1	1	0	16
3L	16884005	16896803	1	1	1	1	0	11
3L	16896600	16896803	1	1	1	2	0	16
3L	16921052	16921179	1	1	1	1	0	16
3L	16959885	16960537	1	1	1	1	0	5
3L	16959885	16961499	1	1	1	6	0	30
3L	16961603	16962334	1	1	1	4	0	33
3L	16962414	16962475	1	1	1	8	0	33
3L	16962888	16962942	1	1	1	3	0	29
3L	16964979	16966067	1	1	1	2	0	12
3L	16991262	16991323	1	1	1	1	0	13
3L	17052879	17052954	1	1	1	3	0	21
3L	17053286	17054297	1	1	1	1	0	15
3L	17074389	17077621	2	2	1	1	0	36
3L	17077707	17078115	2	2	1	1	0	30
3L	17544185	17544255	1	1	1	1	0	22
3L	17562759	17564605	2	2	1	1	0	28
3L	17626633	17626692	1	1	1	1	0	22
3L	17840724	17841286	2	2	1	3	0	25
3L	18108649	18108720	2	2	1	1	0	8
3L	18115280	18115343	1	1	1	1	0	9
3L	18664821	18666015	1	1	1	1	0	10
3L	18827259	18827355	1	1	1	1	0	28
3L	18829958	18830275	2	2	1	1	0	20
3L	18831985	18840372	2	2	1	1	0	13
3L	18992726	18995430	2	2	1	1	0	15
3L	19587822	19587880	1	1	1	1	0	14
3L	19648426	19649440	2	2	1	1	0	34
3L	19724440	19724515	2	2	1	0	1	14
3L	19755856	19755931	2	2	1	0	1	14
3L	19869429	19870380	2	2	1	1	0	19
3L	19949606	19964267	1	1	1	1	0	32
3L	20351522	20351582	1	1	1	1	0	26
3L	20439461	20439527	2	2	1	2	0	27
3L	20439555	20439771	2	2	1	1	0	15
3L	20516133	20518967	2	2	1	1	0	23
3L	20828341	20832845	1	1	1	1	0	3
3L	20926874	20927708	2	2	1	1	0	32
3L	21001282	21001342	2	2	1	1	0	20
3L	21073153	21073213	1	1	1	1	0	9
3L	21495869	21496420	2	2	1	1	0	31
3L	21532032	21532338	2	2	1	1	0	21
3L	21629914	21630932	2	2	1	1	0	27
3L	21641363	21641973	1	1	1	1	0	33
3L	21824007	21826336	2	2	0	1	0	13
3L	21914833	21914892	1	1	1	1	0	19
3L	21915656	21920902	1	1	1	2	0	36
3L	21977136	21977192	1	1	1	1	0	5
3L	21977631	21978132	1	1	1	4	0	22
3L	21980858	21980916	1	1	1	1	0	15
3L	21986276	21986637	1	1	1	2	0	23
3L	22340642	22406891	2	2	1	1	0	7
3L	22869775	22869841	2	2	1	11	0	32
3L	23093879	23094683	2	4	1	43	0	37
3L	23095212	23095274	2	2	1	0	1	22
3L	24131238	24161130	1	1	1	1	0	16
3L	24161180	24210020	1	1	1	1	0	10
3L	26178793	26184544	1	1	0	0	1	30
3L	26178793	26194708	1	1	0	0	1	30
3L	26178793	26205144	1	1	0	0	1	30
3L	27146575	27146627	1	1	1	1	0	16
3R	3623276	3623329	1	1	1	1	0	34
3R	4176192	4182061	1	1	1	1	0	21
3R	4228093	4228147	2	2	1	1	0	14
3R	4379619	4379674	1	1	1	1	0	25
3R	4381530	4381878	1	1	1	1	0	17
3R	4440152	4440220	1	1	1	1	0	19
3R	4467573	4467631	2	2	1	2	0	16
3R	4468007	4468065	2	2	1	1	0	5
3R	4468147	4468213	2	2	1	1	0	19
3R	4468600	4478632	2	2	1	3	0	26
3R	4649768	4650584	1	1	1	1	0	27
3R	4709050	4709159	1	1	1	1	0	15
3R	4813977	4814238	1	1	1	1	0	15
3R	4918132	4922591	1	1	1	1	0	16
3R	5176291	5177293	2	2	1	1	0	25
3R	5182073	5182419	2	2	1	1	0	17
3R	5394394	5394477	1	1	1	1	0	34
3R	5466028	5466152	2	2	1	7	0	33
3R	5596123	5596860	2	2	1	1	0	14
3R	5597516	5597771	2	2	1	4	0	12
3R	5599365	5601014	2	2	1	1	0	12
3R	5625131	5625513	1	1	1	1	0	9
3R	5667951	5668009	2	2	1	1	0	11
3R	5793577	5793640	2	2	1	1	0	15
3R	5844704	5845008	1	1	1	1	0	17
3R	6001737	6003672	2	2	1	1	0	17
3R	6095021	6100709	2	2	1	1	0	24
3R	6389934	6390010	2	2	1	1	0	33
3R	7054262	7054314	1	1	1	1	0	20
3R	8001796	8001894	1	1	1	1	0	5
3R	8111302	8120511	1	1	1	1	0	16
3R	8299227	8299287	2	2	1	1	0	5
3R	8562316	8562411	2	2	1	1	0	15
3R	8658388	8659962	2	2	1	3	0	26
3R	8675933	8676187	2	2	1	1	0	10
3R	8784173	8784439	2	2	1	2	0	11
3R	8793368	8796704	2	2	1	1	0	29
3R	8828319	8828834	2	2	1	1	0	14
3R	8831006	8832141	2	2	1	1	0	26
3R	8834950	8838391	2	2	1	1	0	14
3R	9011253	9011362	2	2	1	1	0	23
3R	9012306	9012836	2	6	1	1	0	16
3R	9073030	9079744	2	2	1	1	0	10
3R	9333946	9334293	2	2	1	1	0	15
3R	9354855	9354924	1	1	1	1	0	3
3R	9368393	9368455	2	2	1	1	0	28
3R	9432840	9444010	1	1	1	1	0	31
3R	9432840	9445043	1	1	1	1	0	17
3R	9437119	9444010	1	1	1	1	0	10
3R	9540004	9540067	2	2	1	2	0	32
3R	9575570	9575635	2	2	1	1	0	34
3R	9607975	9621518	1	1	1	1	0	16
3R	9715455	9715520	2	2	1	1	0	15
3R	9718277	9718330	2	2	1	1	0	25
3R	9749248	9749305	1	1	1	1	0	25
3R	9783960	9784223	2	2	1	1	0	29
3R	9791792	9791845	1	1	1	1	0	14
3R	10019642	10019704	2	2	1	1	0	14
3R	10173433	10173497	2	2	1	1	0	10
3R	10195428	10195715	1	1	1	1	0	28
3R	10204986	10205092	2	2	1	1	0	15
3R	10772605	10773134	2	2	1	1	0	27
3R	10773162	10777176	2	2	1	1	0	17
3R	10862427	10862487	2	2	1	1	0	9
3R	10866977	10867720	2	2	0	1	0	23
3R	11200569	11204564	1	1	1	1	0	16
3R	11215625	11215692	2	2	1	2	0	35
3R	11215970	11216258	2	2	1	3	0	12
3R	11222730	11223394	1	1	1	15	0	21
3R	11222734	11223401	1	1	0	1	0	30
3R	11224586	11267196	2	2	0	1	0	16
3R	11243014	11243781	2	2	1	1	0	20
3R	11244517	11244786	1	1	1	1	0	21
3R	11245884	11246087	1	1	1	1	0	15
3R	11440636	11440895	2	2	1	1	0	9
3R	11560793	11560851	2	2	1	1	0	12
3R	11685962	11686012	2	2	1	1	0	5
3R	11689624	11689725	2	2	1	1	0	16
3R	11745108	11745168	2	2	1	1	0	36
3R	11981551	11981605	2	2	1	1	0	26
3R	11987121	11987184	2	2	1	1	0	15
3R	12353945	12353997	2	2	1	1	0	14
3R	12368576	12369202	2	2	1	1	0	8
3R	12446315	12446375	1	1	1	4	0	35
3R	12446562	12446622	1	1	1	2	0	19
3R	12461375	12461437	1	1	1	1	0	10
3R	12503820	12506952	2	2	0	0	1	19
3R	12503820	12510235	2	2	0	0	1	19
3R	12506025	12509271	2	2	0	1	0	23
3R	12507103	12510235	2	2	0	0	1	19
3R	12950328	12950407	2	2	1	1	0	7
3R	13007215	13007524	1	1	1	1	0	36
3R	13021317	13021419	1	1	1	1	0	15
3R	13031270	13031334	1	1	1	1	0	14
3R	13055836	13055891	1	1	1	2	0	17
3R	13260419	13261604	1	1	1	1	0	28
3R	13309956	13310145	1	1	1	1	0	24
3R	13365230	13367738	1	1	1	2	0	29
3R	13382259	13383463	1	1	1	0	1	7
3R	13383345	13383463	1	1	1	0	1	11
3R	13384580	13384669	1	1	1	1	0	25
3R	13391946	13392830	2	2	1	1	0	16
3R	13642428	13642511	2	2	1	0	1	7
3R	13642428	13642514	2	2	0	0	1	12
3R	13662405	13662969	1	1	1	1	0	18
3R	13715820	13721825	1	1	1	1	0	13
3R	13721845	13734512	1	1	1	1	0	5
3R	13760027	13760086	1	1	1	1	0	22
3R	13766022	13766105	1	1	1	1	0	25
3R	13774019	13774311	1	1	1	1	0	9
3R	13774387	13774452	1	1	1	1	0	4
3R	13776177	13776234	1	1	1	0	1	23
3R	13969540	13969607	2	2	1	1	0	11
3R	14730630	14731408	2	4	0	2	0	35
3R	14733884	14734386	2	2	1	3	0	23
3R	14734419	14737419	2	2	1	1	0	31
3R	14737484	14740379	2	2	1	8	0	32
3R	14891291	14891352	1	1	1	1	0	33
3R	15171375	15172599	2	2	1	1	0	13
3R	15176294	15176363	2	2	1	1	0	24
3R	15261898	15262546	2	2	1	1	0	28
3R	15295247	15296590	1	1	1	4	0	37
3R	15295545	15300109	1	1	1	1	0	31
3R	15296709	15299276	1	1	1	9	0	25
3R	15303223	15307589	1	1	1	9	0	33
3R	15313047	15313108	1	1	1	6	0	32
3R	15313287	15314527	1	1	1	3	0	27
3R	15330826	15330882	1	1	1	1	0	34
3R	15373014	15373385	1	1	1	1	0	26
3R	16052960	16053023	1	1	1	1	0	16
3R	16099661	16100899	1	1	1	1	0	19
3R	16352360	16356799	2	2	1	1	0	2
3R	16361936	16362001	2	2	1	1	0	15
3R	16577043	16577320	2	2	1	1	0	34
3R	16636143	16636201	1	1	1	1	0	13
3R	16710613	16732724	2	2	1	1	0	14
3R	16929581	16929637	2	2	1	1	0	16
3R	17068901	17068969	1	1	1	1	0	16
3R	17075387	17075502	2	2	1	1	0	10
3R	17104392	17104456	2	2	1	1	0	11
3R	17394267	17394535	2	2	1	1	0	9
3R	17539307	17539361	2	2	1	1	0	16
3R	18165896	18166025	2	2	1	1	0	21
3R	18181081	18181146	2	2	1	1	0	35
3R	18223839	18223898	1	1	1	1	0	17
3R	18226567	18226729	1	1	1	1	0	35
3R	18248152	18248214	1	1	1	1	0	22
3R	18254317	18254374	2	2	1	1	0	19
3R	18304870	18304927	2	2	1	1	0	17
3R	18305910	18306618	2	2	1	1	0	23
3R	18969597	18969681	1	1	1	1	0	21
3R	18969709	18969768	1	1	1	1	0	27
3R	19027205	19028114	2	2	1	1	0	14
3R	19145925	19147134	2	2	1	1	0	12
3R	19151614	19153395	2	2	1	1	0	13
3R	19162040	19162115	2	2	1	1	0	10
3R	19485273	19485608	1	1	1	1	0	27
3R	19636740	19636798	2	2	1	1	0	10
3R	19882777	19882842	1	1	1	1	0	21
3R	19885096	19885155	1	1	1	1	0	16
3R	19923197	19923265	2	2	1	1	0	30
3R	20019319	20019464	2	2	1	1	0	18
3R	20295849	20295908	1	1	1	1	0	14
3R	20299794	20299952	1	1	1	1	0	13
3R	20321637	20321701	1	1	1	0	1	21
3R	20321714	20321767	1	1	1	0	1	3
3R	20554200	20554705	2	2	1	1	0	15
3R	20791864	20791936	1	1	1	1	0	34
3R	20792556	20795138	1	1	1	1	0	21
3R	20797677	20797746	1	1	1	2	0	34
3R	20797854	20798290	1	1	1	2	0	37
3R	20798410	20805946	1	1	1	1	0	20
3R	20822574	20822801	1	1	1	1	0	28
3R	20822892	20823131	1	1	1	2	0	25
3R	20850628	20850854	1	1	1	1	0	14
3R	20850944	20851030	1	1	1	1	0	17
3R	20967203	20973172	1	1	1	5	0	25
3R	21104810	21104881	1	1	1	1	0	16
3R	21167958	21168017	2	2	1	1	0	15
3R	21179391	21185547	1	1	1	1	0	21
3R	21185585	21202451	1	1	1	1	0	18
3R	21267454	21267509	2	2	1	1	0	10
3R	21324227	21334526	1	5	1	2	0	26
3R	21521153	21522803	1	1	1	1	0	34
3R	22018097	22018623	2	2	1	2	0	37
3R	22018717	22018779	2	2	1	5	0	10
3R	22018828	22018991	2	2	1	1	0	11
3R	22020393	22020449	2	2	1	1	0	3
3R	22087360	22087428	1	1	1	1	0	4
3R	22383143	22383204	1	1	1	1	0	9
3R	22411638	22412648	1	1	1	1	0	13
3R	22412851	22412909	1	1	1	2	0	12
3R	22545784	22546711	2	2	1	2	0	20
3R	22574900	22579434	1	1	1	1	0	25
3R	22581276	22581333	1	1	1	1	0	18
3R	22704023	22704092	1	1	1	1	0	21
3R	22729880	22729946	1	1	1	1	0	34
3R	22923858	22923919	1	1	1	13	0	36
3R	22981846	22982592	2	2	1	2	0	20
3R	23063694	23063755	2	2	1	1	0	36
3R	23120782	23120841	1	1	1	1	0	16
3R	23197836	23197899	2	2	1	2	0	21
3R	23380147	23380258	2	2	1	1	0	13
3R	23514146	23514208	2	2	1	1	0	11
3R	23608482	23608718	2	2	1	1	0	14
3R	23705108	23705349	1	1	1	2	0	26
3R	23730728	23730793	1	1	1	1	0	5
3R	23776534	23776592	2	2	1	1	0	4
3R	23799651	23799867	1	1	1	1	0	14
3R	23862642	23862982	2	2	1	1	0	23
3R	23938556	23942593	2	4	1	5	0	35
3R	23956998	23957145	2	2	1	1	0	19
3R	23991256	23991773	2	2	1	1	0	28
3R	24519882	24519939	1	1	1	1	0	26
3R	24549765	24551328	1	1	1	1	0	18
3R	24639346	24639423	2	4	1	1	0	30
3R	24674570	24674769	1	1	1	1	0	12
3R	24693885	24694956	1	1	1	1	0	10
3R	24745652	24745760	1	1	1	1	0	32
3R	24746303	24746393	1	1	1	1	0	7
3R	24746600	24746829	1	1	1	1	0	18
3R	24820768	24821096	1	1	1	1	0	17
3R	24873963	24874102	2	2	1	1	0	15
3R	25032661	25032726	2	2	1	1	0	13
3R	25039822	25039885	1	1	1	3	0	32
3R	25064995	25065147	2	2	1	1	0	7
3R	25210813	25210870	1	1	1	1	0	15
3R	25238075	25238199	1	1	1	2	0	32
3R	25246668	25247432	2	2	1	3	0	28
3R	25323929	25323996	2	2	1	1	0	15
3R	25324411	25328922	2	6	1	1	0	21
3R	25473729	25473785	1	1	1	1	0	19
3R	25484303	25484360	1	1	1	1	0	30
3R	25886021	25886306	1	1	1	1	0	13
3R	26048436	26048497	1	1	1	1	0	14
3R	26257133	26257224	2	2	1	10	0	35
3R	26257135	26302967	1	1	0	4	0	18
3R	26258042	26261335	2	2	1	6	0	22
3R	26461647	26466584	1	1	1	1	0	14
3R	26467347	26467543	1	1	1	1	0	21
3R	26567227	26567287	1	1	1	1	0	15
3R	26575038	26575164	1	1	1	1	0	19
3R	26870131	26870192	2	4	1	1	0	22
3R	27090607	27090979	2	2	1	1	0	17
3R	27291994	27292125	2	2	1	1	0	18
3R	27550708	27550872	2	2	1	1	0	16
3R	27566148	27566206	2	2	1	1	0	18
3R	27658114	27658468	2	2	1	1	0	23
3R	27697075	27697134	2	2	1	1	0	9
3R	27706502	27706554	2	2	1	1	0	17
3R	27923306	27923369	1	1	1	2	0	34
3R	27923741	27924139	1	1	1	1	0	6
3R	27949254	27949341	1	1	1	1	0	21
3R	28341460	28341626	1	1	1	1	0	15
3R	28603319	28603607	1	1	1	1	0	8
3R	28693278	28693339	1	1	1	1	0	20
3R	28714221	28714667	1	1	1	1	0	20
3R	28825954	28826009	2	2	1	1	0	22
3R	29045719	29045869	1	1	1	1	0	6
3R	29144573	29144631	1	1	1	1	0	16
3R	29318141	29318273	2	2	1	1	0	32
3R	29318613	29319230	2	2	1	1	0	23
3R	29686213	29686681	2	2	1	2	0	24
3R	29798832	29798908	2	2	1	1	0	15
3R	29861935	29862198	1	1	1	1	0	9
3R	29864351	29864412	2	2	1	2	0	20
3R	30011608	30011668	2	2	1	1	0	11
3R	30082322	30104102	1	1	1	1	0	36
3R	30195385	30195446	2	2	1	1	0	21
3R	30195911	30196002	2	2	1	2	0	34
3R	30206722	30208092	2	2	1	4	0	35
3R	30208426	30208489	2	2	1	6	0	36
3R	30208658	30208916	2	2	1	1	0	3
3R	30484603	30484686	1	1	1	1	0	21
3R	30523330	30526242	2	2	1	1	0	22
3R	30563482	30571808	1	1	1	1	0	25
3R	30593817	30594817	2	2	1	1	0	14
3R	30593850	30594817	2	2	1	1	0	29
3R	30595329	30595389	2	2	1	1	0	24
3R	30791957	30792019	2	2	1	1	0	16
3R	30868155	30868217	1	1	1	1	0	30
3R	30886548	30886621	2	2	1	1	0	13
3R	30886905	30888660	2	2	1	1	0	21
3R	31217945	31218942	2	2	1	2	0	31
3R	31226250	31226365	1	1	1	1	0	11
3R	31460863	31460920	2	2	1	1	0	21
3R	31602231	31610880	2	2	1	1	0	14
3R	31677168	31677234	1	1	1	1	0	11
3R	31745591	31745769	2	2	1	2	0	18
4	155148	155764	2	2	1	2	0	28
4	350044	350602	2	2	1	1	0	17
4	363135	363493	1	1	1	1	0	15
4	652834	652900	2	2	1	1	0	36
4	727624	728103	1	1	1	1	0	12
4	734402	734477	1	1	1	1	0	15
4	771596	772402	1	1	1	1	0	4
4	772460	774016	1	1	1	2	0	25
4	915554	915616	2	2	1	1	0	17
4	925949	926010	2	4	1	1	0	12
4	930024	930079	2	2	1	1	0	20
4	930117	930511	2	2	0	1	0	19
4	1033219	1033271	1	1	1	1	0	7
4	1190550	1192019	1	1	1	1	0	20
X	52885	52946	1	5	0	1	0	24
X	133385	133502	1	1	1	1	0	11
X	529531	529631	2	2	1	1	0	11
X	628687	628750	2	2	1	5	0	33
X	1119786	1134184	2	2	1	1	0	18
X	1395194	1395245	1	1	1	1	0	15
X	1466930	1467802	1	3	1	2	0	22
X	1666133	1666186	1	1	1	1	0	7
X	1892120	1893402	2	2	1	2	0	37
X	1999297	2004136	2	2	0	0	1	20
X	2027872	2027934	2	2	1	1	0	21
X	2028028	2029774	2	2	1	1	0	15
X	2056026	2056119	2	2	1	1	0	33
X	2091451	2091517	1	1	1	1	0	16
X	2151612	2151676	2	2	1	1	0	17
X	2202207	2202272	2	2	1	1	0	12
X	2574624	2574862	1	1	1	1	0	15
X	2671232	2671307	1	1	1	2	0	11
X	2671823	2672913	1	1	1	1	0	8
X	2737674	2737921	2	2	1	1	0	14
X	3325966	3332441	1	1	1	1	0	30
X	3329845	3332441	1	1	1	1	0	14
X	3334332	3334554	1	1	1	1	0	33
X	3337583	3337688	1	1	1	1	0	20
X	3707492	3708743	2	2	1	1	0	12
X	3784707	3785031	1	1	1	1	0	15
X	3821016	3841323	1	1	1	1	0	18
X	3865440	3867938	2	2	1	1	0	18
X	3877459	3877627	1	1	1	2	0	23
X	3881116	3881453	1	1	1	1	0	29
X	3952222	3952766	1	1	1	1	0	14
X	4314728	4314823	2	2	0	1	0	13
X	4692992	4698636	2	2	0	1	0	19
X	4702592	4702691	1	1	1	1	0	5
X	4702596	4702830	1	1	0	1	0	34
X	5673135	5673216	1	1	1	2	0	20
X	5709044	5709127	2	2	1	1	0	8
X	5756205	5757861	1	1	1	1	0	17
X	5760821	5761168	2	2	1	1	0	6
X	5906364	5906431	1	1	1	2	0	25
X	5914404	5914580	2	2	1	1	0	17
X	6223512	6223584	2	2	1	1	0	18
X	6252564	6252627	2	2	1	2	0	28
X	6259534	6259603	2	2	1	1	0	15
X	6275171	6276227	2	2	1	2	0	27
X	6276459	6276531	2	4	1	3	0	38
X	6277561	6282451	2	2	0	0	3	30
X	6277561	6282679	2	2	0	0	3	30
X	6277561	6282907	2	2	0	0	3	30
X	6277561	6283135	2	2	0	0	3	30
X	6277568	6282914	1	1	0	0	8	23
X	6278480	6282914	1	1	0	0	8	23
X	6278708	6282914	1	1	0	0	8	23
X	6289722	6289784	2	2	1	1	0	30
X	6369990	6370058	1	1	1	2	0	29
X	6529266	6529566	1	1	1	1	0	11
X	6531432	6531834	2	2	1	1	0	30
X	6532422	6532489	2	2	1	1	0	9
X	6539339	6552994	1	1	0	1	0	14
X	6585951	6586956	1	1	1	2	0	37
X	6654897	6655059	1	1	1	4	0	4
X	6661294	6661353	2	2	1	1	0	19
X	6667246	6669438	2	2	0	1	0	12
X	6679958	6680297	1	1	1	1	0	23
X	6684462	6684517	1	1	1	1	0	17
X	6742257	6743057	2	2	1	1	0	23
X	6840262	6840363	2	2	1	1	0	8
X	7900290	7900802	2	2	1	1	0	24
X	7901008	7901242	2	2	1	10	0	28
X	7909538	7909877	1	1	1	1	0	12
X	7909925	7910708	1	1	1	1	0	11
X	7933775	7934008	1	1	1	1	0	7
X	7934271	7934329	1	1	1	0	13	20
X	7935440	7935498	1	1	1	0	13	20
X	8036160	8036219	2	2	1	2	0	10
X	8036635	8036725	2	2	1	3	0	21
X	8050557	8051370	2	2	1	1	0	3
X	8587526	8587587	1	1	1	1	0	25
X	8905385	8905504	2	2	1	1	0	18
X	9098008	9098083	2	2	1	1	0	13
X	9219364	9221209	2	2	1	1	0	23
X	9231559	9231620	2	2	1	1	0	22
X	9328595	9332453	2	2	1	1	0	10
X	9554929	9554995	1	1	1	1	0	8
X	9629604	9629667	2	2	1	1	0	35
X	9779243	9780240	1	5	1	6	0	34
X	9812157	9832491	1	1	1	1	0	24
X	9990362	10051754	1	1	0	0	12	13
X	10005821	10054215	2	2	0	0	3	14
X	10051626	10105457	1	1	0	0	7	13
X	10052281	10052348	2	2	1	1	0	19
X	10054137	10054213	1	1	1	2	0	23
X	10460849	10460919	1	1	1	1	0	28
X	10480025	10480083	1	3	1	1	0	17
X	10498146	10498213	2	2	1	1	0	16
X	10778129	10778210	1	1	1	1	0	14
X	10782301	10782379	2	2	1	2	0	32
X	10798545	10798618	2	2	1	1	0	26
X	10859126	10859197	1	1	1	1	0	7
X	10873709	10877414	2	2	1	1	0	32
X	10898222	10898281	2	2	1	1	0	26
X	11334934	11334995	2	2	1	2	0	27
X	11397913	11397969	1	1	1	1	0	32
X	11398823	11400787	1	1	1	1	0	32
X	11424104	11424269	1	1	1	1	0	27
X	11478582	11479013	1	1	1	1	0	13
X	11684255	11687461	1	1	1	1	0	31
X	11698436	11698499	1	1	1	1	0	18
X	11795187	11795600	1	1	1	1	0	10
X	12451447	12452219	1	1	1	1	0	25
X	12452591	12452677	1	1	1	1	0	17
X	12475998	12476152	1	1	1	1	0	28
X	12592949	12593006	2	2	1	1	0	15
X	12603467	12603528	1	1	1	1	0	19
X	12656153	12656333	1	1	1	1	0	14
X	12759036	12759462	2	2	1	3	0	21
X	12886670	12896717	2	2	1	1	0	18
X	12910960	12911023	1	1	1	1	0	32
X	13178048	13178100	1	1	1	0	1	8
X	13184521	13184573	1	1	1	0	1	8
X	13286880	13286955	1	1	1	1	0	20
X	13327935	13328150	1	1	1	1	0	29
X	13371215	13373862	1	1	1	1	0	12
X	13374104	13374240	1	1	1	1	0	25
X	13379371	13379432	1	1	1	7	0	31
X	13405085	13408287	1	1	1	16	0	34
X	13420305	13420368	1	1	1	2	0	30
X	13594051	13594284	2	2	1	14	3	25
X	13594051	13594829	2	2	1	0	3	4
X	13595085	13595149	2	2	1	5	0	21
X	13595243	13595319	2	2	1	21	0	38
X	13595539	13596375	2	2	1	7	0	29
X	13596749	13597380	2	2	1	22	2	24
X	13597405	13598173	2	2	1	28	2	3
X	13597405	13599411	2	2	1	0	2	24
X	13598177	13599415	2	2	1	27	2	3
X	13599458	13600069	2	2	1	6	0	36
X	13599461	13600069	2	2	1	3	1	33
X	13600118	13602417	2	2	1	0	1	11
X	13688572	13701096	2	2	1	1	0	36
X	13759807	13759868	1	1	1	4	0	34
X	13760252	13760323	1	1	1	4	0	20
X	14231242	14231650	2	2	1	1	0	14
X	14792348	14793473	2	2	0	1	0	34
X	15032574	15033605	1	1	1	1	0	16
X	15072649	15073936	2	2	1	13	0	35
X	15072968	15073936	2	2	1	1	0	36
X	15074375	15075747	2	2	1	1	0	22
X	15145284	15145356	2	2	1	1	0	7
X	15306580	15310377	1	1	1	1	0	7
X	15466477	15466542	1	1	1	1	0	19
X	15571486	15571563	2	2	1	1	0	30
X	15730474	15730536	1	1	1	1	0	17
X	15756237	15757855	2	2	1	1	0	28
X	15861493	15861565	1	1	1	1	0	6
X	16281274	16283669	1	1	1	5	0	21
X	16318608	16320078	2	2	1	26	0	32
X	16334414	16336266	1	1	1	1	0	27
X	16377372	16377422	1	1	1	1	0	28
X	16443977	16444040	1	1	1	1	0	8
X	16626795	16626860	2	2	1	1	0	33
X	16627468	16627595	2	2	1	1	0	37
X	16637928	16638232	1	1	1	1	0	13
X	16728661	16728773	2	2	1	1	0	20
X	16886229	16886317	2	2	1	1	0	28
X	16907373	16908004	2	2	0	0	1	20
X	16953455	16953513	1	1	1	1	0	13
X	17072389	17072453	2	2	1	1	0	22
X	17143772	17144617	2	2	1	2	0	21
X	17302787	17302838	1	1	1	1	0	12
X	17304371	17304697	1	1	1	4	0	37
X	17642700	17642777	2	2	1	1	0	16
X	17689307	17695435	2	2	1	1	0	16
X	18106823	18106887	2	2	1	28	0	36
X	18106932	18111937	2	4	1	1	0	7
X	18106932	18112561	2	2	1	6	0	15
X	18114647	18116706	2	2	1	1	0	22
X	18390933	18390997	2	2	1	1	0	16
X	18392763	18392836	2	2	1	7	0	34
X	18485580	18485644	2	2	1	1	0	13
X	18506657	18507475	2	2	1	2	0	20
X	18654191	18654295	2	2	1	1	0	16
X	18690256	18690358	2	2	1	1	0	8
X	18691501	18702895	1	1	0	1	0	24
X	18900961	18906084	1	1	0	1	0	14
X	18900961	18907498	1	1	1	1	0	33
X	18987258	19004586	1	1	1	1	0	10
X	19004643	19010973	1	1	1	1	0	10
X	19144497	19144563	2	2	1	1	0	28
X	19144592	19145967	2	2	1	2	0	16
X	19269366	19269483	1	1	1	2	0	17
X	19275340	19275399	2	2	1	1	0	22
X	19433273	19464192	1	1	1	1	0	17
X	19480679	19481017	1	1	1	1	0	16
X	19504538	19506482	1	1	1	1	0	6
X	19519832	19519903	2	2	1	1	0	3
X	19610463	19610527	1	1	1	1	0	10
X	20150837	20150944	1	1	1	1	0	14
X	20154815	20155098	1	1	1	3	0	18
X	20171649	20171928	2	2	1	1	0	3
X	20171649	20172040	2	2	1	0	3	24
X	20171932	20172040	2	2	1	1	0	3
X	20172223	20172304	2	2	1	0	2	14
X	20175855	20176237	2	2	1	0	1	8
X	20178812	20179203	2	2	1	0	3	24
X	20179386	20179467	2	2	1	0	2	14
X	20182692	20182758	2	2	1	0	5	37
X	20183682	20184059	2	2	1	0	1	8
X	20190416	20190482	2	2	1	0	5	37
X	20191406	20191788	2	2	1	0	1	8
X	20198132	20198198	2	2	1	0	5	37
X	20199122	20199504	2	2	1	0	1	8
X	20205856	20205922	2	2	1	0	5	37
X	20206846	20207228	2	2	1	0	1	8
X	20214507	20214884	2	2	1	0	1	8
X	20229073	20229139	2	2	1	0	5	37
X	20230063	20230440	2	2	1	0	1	8
X	20233444	20234774	2	2	1	2	0	20
X	20252438	20252507	1	1	1	1	0	16
X	20410536	20410604	1	1	1	1	0	21
X	20468413	20468546	1	1	1	1	0	8
X	20517123	20517698	2	2	1	1	0	28
X	21043302	21043679	1	1	1	4	0	13
X	21117405	21117462	1	1	1	1	0	12
X	21211275	21211686	2	2	1	3	0	15
X	21211800	21279181	2	2	1	8	0	5
X	21279187	21281045	2	2	1	8	0	5
X	22453429	22453490	2	2	1	1	0	14
X	22584289	22588464	2	2	1	2	0	26
X	22588851	22590662	2	2	1	1	0	18
X	23206184	23214772	0	0	0	0	3	36
X	23216713	23442010	1	1	0	0	5	33
rDNA	14270	18240	1	1	0	0	1	13
rDNA	14270	48079	1	1	0	0	1	13
rDNA	18659	48465	1	1	0	0	1	16
rDNA	19208	48964	1	1	0	0	4	33
rDNA	19208	73145	1	1	0	0	4	33
rDNA	22888	37495	2	2	0	0	1	30
rDNA	36405	37480	2	2	0	0	1	13
rDNA	37556	73738	2	2	0	0	1	29
rDNA	38083	74267	1	1	0	0	1	24
rDNA	44550	57031	1	1	0	0	2	28
rDNA	44550	68734	1	1	0	0	2	28
rDNA	47097	71281	2	2	0	0	1	28
rDNA	48498	72646	1	1	0	0	1	16
rDNA	49047	73145	1	1	0	0	5	33
rDNA	49481	73665	2	2	0	0	1	12
rDNA	57031	68734	1	1	0	0	2	28
